NUMPOLLIES 176

// Floor 1*2
0.0  0.0 0.0 0.0 0.0
8.0  0.0  0.0 8.0 0.0
0.0  0.0  -8.0 0.0 8.0

8.0  0.0 0.0 8.0 0.0
8.0  0.0 -8.0 8.0 8.0
0.0  0.0  -8.0 0.0 8.0

// Ceiling 1*2
0.0  1.0 0.0 0.0 0.0
8.0  1.0  0.0 8.0 0.0
0.0  1.0  -8.0 0.0 8.0

8.0  1.0 0.0 8.0 0.0
8.0  1.0 -8.0 8.0 8.0
0.0  1.0  -8.0 0.0 8.0

//exterior wall west 8*2
0.0 0.0 0.0 0.0 0.0
0.0 0.0 -1.0 1.0 0.0
0.0 1.0 0.0 0.0 1.0

0.0 0.0 -1.0 1.0 0.0
0.0 1.0 -1.0 1.0 1.0
0.0 1.0 0.0 0.0 1.0

0.0 0.0 -1.0 0.0 0.0
0.0 0.0 -2.0 1.0 0.0
0.0 1.0 -1.0 0.0 1.0

0.0 0.0 -2.0 1.0 0.0
0.0 1.0 -2.0 1.0 1.0
0.0 1.0 -1.0 0.0 1.0

0.0 0.0 -2.0 0.0 0.0
0.0 0.0 -3.0 1.0 0.0
0.0 1.0 -2.0 0.0 1.0

0.0 0.0 -3.0 1.0 0.0
0.0 1.0 -3.0 1.0 1.0
0.0 1.0 -2.0 0.0 1.0

0.0 0.0 -3.0 0.0 0.0
0.0 0.0 -4.0 1.0 0.0
0.0 1.0 -3.0 0.0 1.0

0.0 0.0 -4.0 1.0 0.0
0.0 1.0 -4.0 1.0 1.0
0.0 1.0 -3.0 0.0 1.0

0.0 0.0 -4.0 0.0 0.0
0.0 0.0 -5.0 1.0 0.0
0.0 1.0 -4.0 0.0 1.0

0.0 0.0 -5.0 1.0 0.0
0.0 1.0 -5.0 1.0 1.0
0.0 1.0 -4.0 0.0 1.0

0.0 0.0 -5.0 0.0 0.0
0.0 0.0 -6.0 1.0 0.0
0.0 1.0 -5.0 0.0 1.0

0.0 0.0 -6.0 1.0 0.0
0.0 1.0 -6.0 1.0 1.0
0.0 1.0 -5.0 0.0 1.0

//0.0 0.0 -6.0 0.0 0.0
//0.0 0.0 -7.0 1.0 0.0
//0.0 1.0 -6.0 0.0 1.0

//0.0 0.0 -7.0 1.0 0.0
//0.0 1.0 -7.0 1.0 1.0
//0.0 1.0 -6.0 0.0 1.0

0.0 0.0 -7.0 0.0 0.0
0.0 0.0 -8.0 1.0 0.0
0.0 1.0 -7.0 0.0 1.0

0.0 0.0 -8.0 1.0 0.0
0.0 1.0 -8.0 1.0 1.0
0.0 1.0 -7.0 0.0 1.0

//exterior wall east 8*2
8.0 0.0 0.0 0.0 0.0
8.0 0.0 -1.0 1.0 0.0
8.0 1.0 0.0 0.0 1.0

8.0 0.0 -1.0 1.0 0.0
8.0 1.0 -1.0 1.0 1.0
8.0 1.0 0.0 0.0 1.0

8.0 0.0 -1.0 0.0 0.0
8.0 0.0 -2.0 1.0 0.0
8.0 1.0 -1.0 0.0 1.0

8.0 0.0 -2.0 1.0 0.0
8.0 1.0 -2.0 1.0 1.0
8.0 1.0 -1.0 0.0 1.0

8.0 0.0 -2.0 0.0 0.0
8.0 0.0 -3.0 1.0 0.0
8.0 1.0 -2.0 0.0 1.0

8.0 0.0 -3.0 1.0 0.0
8.0 1.0 -3.0 1.0 1.0
8.0 1.0 -2.0 0.0 1.0

8.0 0.0 -3.0 0.0 0.0
8.0 0.0 -4.0 1.0 0.0
8.0 1.0 -3.0 0.0 1.0

8.0 0.0 -4.0 1.0 0.0
8.0 1.0 -4.0 1.0 1.0
8.0 1.0 -3.0 0.0 1.0

8.0 0.0 -4.0 0.0 0.0
8.0 0.0 -5.0 1.0 0.0
8.0 1.0 -4.0 0.0 1.0

8.0 0.0 -5.0 1.0 0.0
8.0 1.0 -5.0 1.0 1.0
8.0 1.0 -4.0 0.0 1.0

8.0 0.0 -5.0 0.0 0.0
8.0 0.0 -6.0 1.0 0.0
8.0 1.0 -5.0 0.0 1.0

8.0 0.0 -6.0 1.0 0.0
8.0 1.0 -6.0 1.0 1.0
8.0 1.0 -5.0 0.0 1.0

8.0 0.0 -6.0 0.0 0.0
8.0 0.0 -7.0 1.0 0.0
8.0 1.0 -6.0 0.0 1.0

8.0 0.0 -7.0 1.0 0.0
8.0 1.0 -7.0 1.0 1.0
8.0 1.0 -6.0 0.0 1.0

8.0 0.0 -7.0 0.0 0.0
8.0 0.0 -8.0 1.0 0.0
8.0 1.0 -7.0 0.0 1.0

8.0 0.0 -8.0 1.0 0.0
8.0 1.0 -8.0 1.0 1.0
8.0 1.0 -7.0 0.0 1.0

//exterior wall south 7*2
1.0 0.0 0.0 0.0 0.0
2.0 0.0 0.0 1.0 0.0
1.0 1.0 0.0 0.0 1.0

2.0 0.0 0.0 1.0 0.0
2.0 1.0 0.0 1.0 1.0
1.0 1.0 0.0 0.0 1.0

2.0 0.0 0.0 0.0 0.0
3.0 0.0 0.0 1.0 0.0
2.0 1.0 0.0 0.0 1.0

3.0 0.0 0.0 1.0 0.0
3.0 1.0 0.0 1.0 1.0
2.0 1.0 0.0 0.0 1.0

3.0 0.0 0.0 0.0 0.0
4.0 0.0 0.0 1.0 0.0
3.0 1.0 0.0 0.0 1.0

4.0 0.0 0.0 1.0 0.0
4.0 1.0 0.0 1.0 1.0
3.0 1.0 0.0 0.0 1.0


4.0 0.0 0.0 0.0 0.0
5.0 0.0 0.0 1.0 0.0
4.0 1.0 0.0 0.0 1.0

5.0 0.0 0.0 1.0 0.0
5.0 1.0 0.0 1.0 1.0
4.0 1.0 0.0 0.0 1.0

5.0 0.0 0.0 0.0 0.0
6.0 0.0 0.0 1.0 0.0
5.0 1.0 0.0 0.0 1.0

6.0 0.0 0.0 1.0 0.0
6.0 1.0 0.0 1.0 1.0
5.0 1.0 0.0 0.0 1.0

6.0 0.0 0.0 0.0 0.0
7.0 0.0 0.0 1.0 0.0
6.0 1.0 0.0 0.0 1.0

7.0 0.0 0.0 1.0 0.0
7.0 1.0 0.0 1.0 1.0
6.0 1.0 0.0 0.0 1.0

7.0 0.0 0.0 0.0 0.0
8.0 0.0 0.0 1.0 0.0
7.0 1.0 0.0 0.0 1.0

8.0 0.0 0.0 1.0 0.0
8.0 1.0 0.0 1.0 1.0
7.0 1.0 0.0 0.0 1.0

//exterior wall north 8*2
0.0 0.0 -8.0 0.0 0.0
1.0 0.0 -8.0 1.0 0.0
0.0 1.0 -8.0 0.0 1.0

1.0 0.0 -8.0 1.0 0.0
1.0 1.0 -8.0 1.0 1.0
0.0 1.0 -8.0 0.0 1.0

1.0 0.0 -8.0 0.0 0.0
2.0 0.0 -8.0 1.0 0.0
1.0 1.0 -8.0 0.0 1.0

2.0 0.0 -8.0 1.0 0.0
2.0 1.0 -8.0 1.0 1.0
1.0 1.0 -8.0 0.0 1.0

2.0 0.0 -8.0 0.0 0.0
3.0 0.0 -8.0 1.0 0.0
2.0 1.0 -8.0 0.0 1.0

3.0 0.0 -8.0 1.0 0.0
3.0 1.0 -8.0 1.0 1.0
2.0 1.0 -8.0 0.0 1.0

3.0 0.0 -8.00.0 0.0
4.0 0.0 -8.0 1.0 0.0
3.0 1.0 -8.0 0.0 1.0

4.0 0.0 -8.0 1.0 0.0
4.0 1.0 -8.0 1.0 1.0
3.0 1.0 -8.0 0.0 1.0


4.0 0.0 -8.0 0.0 0.0
5.0 0.0 -8.0 1.0 0.0
4.0 1.0 -8.0 0.0 1.0

5.0 0.0 -8.0 1.0 0.0
5.0 1.0 -8.0 1.0 1.0
4.0 1.0 -8.0 0.0 1.0

5.0 0.0 -8.0 0.0 0.0
6.0 0.0 -8.0 1.0 0.0
5.0 1.0 -8.0 0.0 1.0

6.0 0.0 -8.0 1.0 0.0
6.0 1.0 -8.0 1.0 1.0
5.0 1.0 -8.0 0.0 1.0

6.0 0.0 -8.0 0.0 0.0
7.0 0.0  -8.0 1.0 0.0
6.0 1.0 -8.0 0.0 1.0

7.0 0.0 -8.0 1.0 0.0
7.0 1.0 -8.0 1.0 1.0
6.0 1.0 -8.0 0.0 1.0

7.0 0.0 -8.0 0.0 0.0
8.0 0.0 -8.0 1.0 0.0
7.0 1.0 -8.0 0.0 1.0

8.0 0.0 -8.0 1.0 0.0
8.0 1.0 -8.0 1.0 1.0
7.0 1.0 -8.0 0.0 1.0

//A 6*2
1.0 0.0 -1.0 0.0 0.0
2.0 0.0 -1.0 1.0 0.0
1.0 1.0 -1.0 0.0 1.0

2.0 0.0 -1.0 1.0 0.0
2.0 1.0 -1.0 1.0 1.0
1.0 1.0 -1.0 0.0 1.0

1.0 0.0 -2.0 0.0 0.0
2.0 0.0 -2.0 1.0 0.0
1.0 1.0 -2.0 0.0 1.0

2.0 0.0 -2.0 1.0 0.0
2.0 1.0 -2.0 1.0 1.0
1.0 1.0 -2.0 0.0 1.0

2.0 0.0 -1.0 0.0 0.0
3.0 0.0 -1.0 1.0 0.0
2.0 1.0 -1.0 0.0 1.0

3.0 0.0 -1.0 1.0 0.0
3.0 1.0 -1.0 1.0 1.0
2.0 1.0 -1.0 0.0 1.0

2.0 0.0 -2.0 0.0 0.0
3.0 0.0 -2.0 1.0 0.0
2.0 1.0 -2.0 0.0 1.0

3.0 0.0 -2.0 1.0 0.0
3.0 1.0 -2.0 1.0 1.0
2.0 1.0 -2.0 0.0 1.0

1.0 0.0 -1.0 0.0 0.0
1.0 0.0 -2.0 1.0 0.0
1.0 1.0 -1.0 0.0 1.0

1.0 0.0 -2.0 1.0 0.0
1.0 1.0 -2.0 1.0 1.0
1.0 1.0 -1.0 0.0 1.0

3.0 0.0 -1.0 0.0 0.0
3.0 0.0 -2.0 1.0 0.0
3.0 1.0 -1.0 0.0 1.0

3.0 0.0 -2.0 1.0 0.0
3.0 1.0 -2.0 1.0 1.0
3.0 1.0 -1.0 0.0 1.0

//B 3*2
4.0 0.0 0.0 0.0 0.0
4.0 0.0 -1.0 1.0 0.0
4.0 1.0 0.0 0.0 1.0

4.0 0.0 -1.0 1.0 0.0
4.0 1.0 -1.0 1.0 1.0
4.0 1.0 0.0 0.0 1.0

5.0 0.0 0.0 0.0 0.0
5.0 0.0 -1.0 1.0 0.0
5.0 1.0 0.0 0.0 1.0

5.0 0.0 -1.0 1.0 0.0
5.0 1.0 -1.0 1.0 1.0
5.0 1.0 0.0 0.0 1.0

4.0 0.0 -1.0 0.0 0.0 
5.0 0.0 -1.0 1.0 0.0
4.0 1.0 -1.0 0.0 1.0

5.0 0.0 -1.0 1.0 0.0
5.0 1.0 -1.0 1.0 1.0
4.0 1.0 -1.0 0.0 1.0

//C 10*2
3.0 0.0 -2.0 0.0 0.0
4.0 0.0 -2.0 1.0 0.0
3.0 1.0 -2.0 0.0 1.0

4.0 0.0 -2.0 1.0 0.0
4.0 1.0 -2.0 1.0 1.0
3.0 1.0 -2.0 0.0 1.0

4.0 0.0 -2.0 0.0 0.0
5.0 0.0 -2.0 1.0 0.0
4.0 1.0 -2.0 0.0 1.0

5.0 0.0 -2.0 1.0 0.0
5.0 1.0 -2.0 1.0 1.0
4.0 1.0 -2.0 0.0 1.0

5.0 0.0 -2.0 0.0 0.0
6.0 0.0 -2.0 1.0 0.0
5.0 1.0 -2.0 0.0 1.0

6.0 0.0 -2.0 1.0 0.0
6.0 1.0 -2.0 1.0 1.0
5.0 1.0 -2.0 0.0 1.0

3.0 0.0 -4.0 0.0 0.0
4.0 0.0 -4.0 1.0 0.0
3.0 1.0 -4.0 0.0 1.0

4.0 0.0 -4.0 1.0 0.0
4.0 1.0 -4.0 1.0 1.0
3.0 1.0 -4.0 0.0 1.0

4.0 0.0 -3.0 0.0 0.0
5.0 0.0 -3.0 1.0 0.0
4.0 1.0 -3.0 0.0 1.0

5.0 0.0 -3.0 1.0 0.0
5.0 1.0 -3.0 1.0 1.0
4.0 1.0 -3.0 0.0 1.0

5.0 0.0 -3.0 0.0 0.0
6.0 0.0 -3.0 1.0 0.0
5.0 1.0 -3.0 0.0 1.0

6.0 0.0 -3.0 1.0 0.0
6.0 1.0 -3.0 1.0 1.0
5.0 1.0 -3.0 0.0 1.0

3.0 0.0 -2.0 0.0 0.0
3.0 0.0 -3.0 1.0 0.0
3.0 1.0 -2.0 0.0 1.0

3.0 0.0 -3.0 1.0 0.0
3.0 1.0 -3.0 1.0 1.0
3.0 1.0 -2.0 0.0 1.0

3.0 0.0 -3.0 0.0 0.0
3.0 0.0 -4.0 1.0 0.0
3.0 1.0 -3.0 0.0 1.0

3.0 0.0 -4.0 1.0 0.0
3.0 1.0 -4.0 1.0 1.0
3.0 1.0 -3.0 0.0 1.0

6.0 0.0 -2.0 0.0 0.0
6.0 0.0 -3.0 1.0 0.0
6.0 1.0 -2.0 0.0 1.0

6.0 0.0 -3.0 1.0 0.0
6.0 1.0 -3.0 1.0 1.0
6.0 1.0 -2.0 0.0 1.0

4.0 0.0 -3.0 0.0 0.0
4.0 0.0 -4.0 1.0 0.0
4.0 1.0 -3.0 0.0 1.0

4.0 0.0 -4.0 1.0 0.0
4.0 1.0 -4.0 1.0 1.0
4.0 1.0 -3.0 0.0 1.0

//D 4*2
6.0 0.0 -1.0 0.0 0.0
6.0 0.0 -2.0 1.0 0.0
6.0 1.0 -1.0 0.0 1.0

6.0 0.0 -2.0 1.0 0.0
6.0 1.0 -2.0 1.0 1.0
6.0 1.0 -1.0 0.0 1.0

7.0 0.0 -1.0 0.0 0.0
7.0 0.0 -2.0 1.0 0.0
7.0 1.0 -1.0 0.0 1.0

7.0 0.0 -2.0 1.0 0.0
7.0 1.0 -2.0 1.0 1.0
7.0 1.0 -1.0 0.0 1.0

6.0 0.0 -2.0 0.0 0.0 
7.0 0.0 -2.0 1.0 0.0
6.0 1.0 -2.0 0.0 1.0

7.0 0.0 -2.0 1.0 0.0
7.0 1.0 -2.0 1.0 1.0
6.0 1.0 -2.0 0.0 1.0

6.0 0.0 -1.0 0.0 0.0 
7.0 0.0 -1.0 1.0 0.0
6.0 1.0 -1.0 0.0 1.0

7.0 0.0 -1.0 1.0 0.0
7.0 1.0 -1.0 1.0 1.0
6.0 1.0 -1.0 0.0 1.0

//E 4*2
1.0 0.0 -3.0 0.0 0.0
2.0 0.0 -3.0 1.0 0.0
1.0 1.0 -3.0 0.0 1.0

2.0 0.0 -3.0 1.0 0.0
2.0 1.0 -3.0 1.0 1.0
1.0 1.0 -3.0 0.0 1.0

1.0 0.0 -4.0 0.0 0.0
2.0 0.0 -4.0 1.0 0.0
1.0 1.0 -4.0 0.0 1.0

2.0 0.0 -4.0 1.0 0.0
2.0 1.0 -4.0 1.0 1.0
1.0 1.0 -4.0 0.0 1.0

1.0 0.0 -3.0 0.0 0.0
1.0 0.0 -4.0 1.0 0.0
1.0 1.0 -3.0 0.0 1.0

1.0 0.0 -4.0 1.0 0.0
1.0 1.0 -4.0 1.0 1.0
1.0 1.0 -3.0 0.0 1.0

2.0 0.0 -3.0 0.0 0.0
2.0 0.0 -4.0 1.0 0.0
2.0 1.0 -3.0 0.0 1.0

2.0 0.0 -4.0 1.0 0.0
2.0 1.0 -4.0 1.0 1.0
2.0 1.0 -3.0 0.0 1.0

//F 4*2
0.0 0.0 -5.0 0.0 0.0
1.0 0.0 -5.0 1.0 0.0
0.0 1.0 -5.0 0.0 1.0

1.0 0.0 -5.0 1.0 0.0
1.0 1.0 -5.0 1.0 1.0
0.0 1.0 -5.0 0.0 1.0

0.0 0.0 -6.0 0.0 0.0
1.0 0.0 -6.0 1.0 0.0
0.0 1.0 -6.0 0.0 1.0

1.0 0.0 -6.0 1.0 0.0
1.0 1.0 -6.0 1.0 1.0
0.0 1.0 -6.0 0.0 1.0

1.0 0.0 -5.0 0.0 0.0
1.0 0.0 -6.0 1.0 0.0
1.0 1.0 -5.0 0.0 1.0

0.0 0.0 -6.0 1.0 0.0
0.0 1.0 -6.0 1.0 1.0
0.0 1.0 -5.0 0.0 1.0

1.0 0.0 -5.0 0.0 0.0
1.0 0.0 -6.0 1.0 0.0
1.0 1.0 -5.0 0.0 1.0

1.0 0.0 -6.0 1.0 0.0
1.0 1.0 -6.0 1.0 1.0
1.0 1.0 -5.0 0.0 1.0

//G 4*2
2.0 0.0 -5.0 0.0 0.0
3.0 0.0 -5.0 1.0 0.0
2.0 1.0 -5.0 0.0 1.0

3.0 0.0 -5.0 1.0 0.0
3.0 1.0 -5.0 1.0 1.0
2.0 1.0 -5.0 0.0 1.0

2.0 0.0 -6.0 0.0 0.0
3.0 0.0 -6.0 1.0 0.0
2.0 1.0 -6.0 0.0 1.0

3.0 0.0 -6.0 1.0 0.0
3.0 1.0 -6.0 1.0 1.0
2.0 1.0 -6.0 0.0 1.0

2.0 0.0 -5.0 0.0 0.0
2.0 0.0 -6.0 1.0 0.0
2.0 1.0 -5.0 0.0 1.0

2.0 0.0 -6.0 1.0 0.0
2.0 1.0 -6.0 1.0 1.0
2.0 1.0 -5.0 0.0 1.0

3.0 0.0 -5.0 0.0 0.0
3.0 0.0 -6.0 1.0 0.0
3.0 1.0 -5.0 0.0 1.0

3.0 0.0 -6.0 1.0 0.0
3.0 1.0 -6.0 1.0 1.0
3.0 1.0 -5.0 0.0 1.0

//H 4*2
1.0 0.0 -6.0 0.0 0.0
2.0 0.0 -6.0 1.0 0.0
1.0 1.0 -6.0 0.0 1.0

2.0 0.0 -6.0 1.0 0.0
2.0 1.0 -6.0 1.0 1.0
1.0 1.0 -6.0 0.0 1.0

1.0 0.0 -7.0 0.0 0.0
2.0 0.0 -7.0 1.0 0.0
1.0 1.0 -7.0 0.0 1.0

2.0 0.0 -7.0 1.0 0.0
2.0 1.0 -7.0 1.0 1.0
1.0 1.0 -7.0 0.0 1.0

1.0 0.0 -6.0 0.0 0.0
1.0 0.0 -7.0 1.0 0.0
1.0 1.0 -6.0 0.0 1.0

1.0 0.0 -7.0 1.0 0.0
1.0 1.0 -7.0 1.0 1.0
1.0 1.0 -6.0 0.0 1.0

2.0 0.0 -6.0 0.0 0.0
2.0 0.0 -7.0 1.0 0.0
2.0 1.0 -6.0 0.0 1.0

2.0 0.0 -7.0 1.0 0.0
2.0 1.0 -7.0 1.0 1.0
2.0 1.0 -6.0 0.0 1.0

//I 3*2
7.0 0.0 -3.0 0.0 0.0
7.0 0.0 -4.0 1.0 0.0
7.0 1.0 -3.0 0.0 1.0

7.0 0.0 -4.0 1.0 0.0
7.0 1.0 -4.0 1.0 1.0
7.0 1.0 -3.0 0.0 1.0

7.0 0.0 -4.0 0.0 0.0 
8.0 0.0 -4.0 1.0 0.0
7.0 1.0 -4.0 0.0 1.0

8.0 0.0 -4.0 1.0 0.0
8.0 1.0 -4.0 1.0 1.0
7.0 1.0 -4.0 0.0 1.0


7.0 0.0 -3.0 0.0 0.0 
8.0 0.0 -3.0 1.0 0.0
7.0 1.0 -3.0 0.0 1.0

8.0 0.0 -3.0 1.0 0.0
8.0 1.0 -3.0 1.0 1.0
7.0 1.0 -3.0 0.0 1.0

//J 2*2
2.0 0.0 -4.0 0.0 0.0
3.0 0.0 -4.0 1.0 0.0
2.0 1.0 -4.0 0.0 1.0

3.0 0.0 -4.0 1.0 0.0
3.0 1.0 -4.0 1.0 1.0
2.0 1.0 -4.0 0.0 1.0

3.0 0.0 -4.0 0.0 0.0
3.0 0.0 -5.0 1.0 0.0
3.0 1.0 -4.0 0.0 1.0

3.0 0.0 -5.0 1.0 0.0
3.0 1.0 -5.0 1.0 1.0
3.0 1.0 -4.0 0.0 1.0

//K 12 *2
3.0 0.0 -7.0 0.0 0.0
3.0 0.0 -8.0 1.0 0.0
3.0 1.0 -7.0 0.0 1.0

3.0 0.0 -8.0 1.0 0.0
3.0 1.0 -8.0 1.0 1.0
3.0 1.0 -7.0 0.0 1.0

4.0 0.0 -6.0 0.0 0.0
4.0 0.0 -7.0 1.0 0.0
4.0 1.0 -6.0 0.0 1.0

4.0 0.0 -7.0 1.0 0.0
4.0 1.0 -7.0 1.0 1.0
4.0 1.0 -6.0 0.0 1.0

5.0 0.0 -5.0 0.0 0.0
5.0 0.0 -6.0 1.0 0.0
5.0 1.0 -5.0 0.0 1.0

5.0 0.0 -6.0 1.0 0.0
5.0 1.0 -6.0 1.0 1.0
5.0 1.0 -5.0 0.0 1.0

5.0 0.0 -7.0 0.0 0.0
5.0 0.0 -8.0 1.0 0.0
5.0 1.0 -7.0 0.0 1.0

5.0 0.0 -8.0 1.0 0.0
5.0 1.0 -8.0 1.0 1.0
5.0 1.0 -7.0 0.0 1.0

7.0 0.0 -6.0 0.0 0.0
7.0 0.0 -7.0 1.0 0.0
7.0 1.0 -6.0 0.0 1.0

7.0 0.0 -7.0 1.0 0.0
7.0 1.0 -7.0 1.0 1.0
7.0 1.0 -6.0 0.0 1.0

6.0 0.0 -5.0 0.0 0.0
6.0 0.0 -6.0 1.0 0.0
6.0 1.0 -5.0 0.0 1.0

6.0 0.0 -6.0 1.0 0.0
6.0 1.0 -6.0 1.0 1.0
6.0 1.0 -5.0 0.0 1.0

3.0 0.0 -7.0 0.0 0.0
4.0 0.0 -7.0 1.0 0.0
3.0 1.0 -7.0 0.0 1.0

4.0 0.0 -7.0 1.0 0.0
4.0 1.0 -7.0 1.0 1.0
3.0 1.0 -7.0 0.0 1.0

4.0 0.0 -6.0 0.0 0.0
5.0 0.0 -6.0 1.0 0.0
4.0 1.0 -6.0 0.0 1.0

5.0 0.0 -6.0 1.0 0.0
5.0 1.0 -6.0 1.0 1.0
4.0 1.0 -6.0 0.0 1.0

5.0 0.0 -5.0 0.0 0.0
6.0 0.0 -5.0 1.0 0.0
5.0 1.0 -5.0 0.0 1.0

6.0 0.0 -5.0 1.0 0.0
6.0 1.0 -5.0 1.0 1.0
5.0 1.0 -5.0 0.0 1.0

6.0 0.0 -6.0 0.0 0.0
7.0 0.0 -6.0 1.0 0.0
6.0 1.0 -6.0 0.0 1.0

7.0 0.0 -6.0 1.0 0.0
7.0 1.0 -6.0 1.0 1.0
6.0 1.0 -6.0 0.0 1.0

5.0 0.0 -7.0 0.0 0.0
6.0 0.0 -7.0 1.0 0.0
5.0 1.0 -7.0 0.0 1.0

6.0 0.0 -7.0 1.0 0.0
6.0 1.0 -7.0 1.0 1.0
5.0 1.0 -7.0 0.0 1.0

6.0 0.0 -7.0 0.0 0.0
7.0 0.0 -7.0 1.0 0.0
6.0 1.0 -7.0 0.0 1.0

7.0 0.0 -7.0 1.0 0.0
7.0 1.0 -7.0 1.0 1.0
6.0 1.0 -7.0 0.0 1.0